10
59 21 70 14 78 87 88 2 59 88 34 64 15 61 98 29 71 82 90 66 83 91 68 88 25 47 77 71 40 16 68 12 73 65 29 61 48 57 85 2 2 58 87 1 1 12 12 60 79 37 6 89 21 72 45 11 21 23 77 74 77 8 52 21 45 89 32 48 68 14 72 8 13 41 15 60 99 30 3 3 66 15 90 37 30 50 24 42 84 97 14 100 44 38 97 37
84 19 16 55 20 53 21 53 95 78 34 16 49 43 23 25 26 38 24 41 94 26 56 54 60 12 34 72 22 29 31 27 61 22 55 29 69 67 10 81 25 27 6 72 15 14 7 6 42 53 52 88 16 45 82 12 9 64 96 99 26 30 22 87 20 92 74 82 73 12 48 14 29 18 44 1 48 98 38 44 35 68 60 79 25 59 64 43 72 89 32 2 17
31 96 98 69 40 30 63 89 31 41 54 42 45 97 42 62 29 97 65 25 4 78 60 91 97 80 30 65 92 38 69 4 68 50 48 40 94 95 28 46 55 37 85 90 33 68 19 4 32 40 86 88 35 94 5 9 12 23 78 2 60 49 49 84 91 30 90 90 55 66 83 86 51 39 59 1 74 16
79 88 39 5 29 73 53 54 12 46 92 3 24 17 5 72 50 24 55 53 95 98 75 31 20 24 59 25 8 12 58 49 13 12 36 9 45 80 78 36 58 97 70 60 78 55 62 49 38 81 82 51 52 27 82 23 45 100 65 100 42 8 4 57 33 97 74 52 96 48 63 3 70 56 98 37 79 85 75 15 30 63 49 22 67 7 85 82 2 25 72 18 82 61
29 43 31 56 24 93 72 92 70 54 75 20 17 8 56 90 18 43 6 21 22 28 44 76 26 38 45 82 72 2 84 93 73 27 20 90 70 59 99 100 48 29 78 45 79 84 23 56 7 83 93 91 37 72 70 67 52 34 6 61 89 19 71 27 63 40 77 30 75 75 2 8 76 57 61 34 71 62 84 15 53 82 41 4 45 7 75 33 61 37
55 5 80 22 74 22 21 27 38 15 13 77 30 70 35 5 19 94 1 36 89 25 16 50 50 44 43 27 49 87 77 50 3 72 67 21 84 39 56 59 93 94 7 65 57 79 14 92 10 58 91 7 83 67 81 32 68 3 12 96 54 63 21 98
65 93 88 77 15 30 63 89 25 29 42 94 15 88 9 39 25 36 73 8 96 24 40 39 33 84 53 92 40 98 53 48 33 72 18 23 10 35 69 74 82 39 39 45 37 70 1 16 25 27 81 10 86 66 84 37 29 100 1 86 54 81 68 30 16 100 14 18 58 11 62 41 73 99
26 81 75 71 65 93 75 88 94 58 32 73 7 14 5 56 60 12 80 95 45 38 82 23 81 86 17 89 53 25 89 56 41 65 67 71 46 83 99 99 84 41 11 55 72 48 66 35 42 44 77 35 27 43 99 31 50 74 39 88 21 82 49 89 92 39 3 65 58 23 91 42 6 6 43 90 93 63 70 40 92 31 53 12 19 2 30
30 95 26 95 82 11 66 90 3 81 31 75 96 98 71 87 23 63 92 9 22 100 4 92 45 48 52 23 61 20 92 72 94 80 53 26 30 20 58 55 40 74 73 82 49 86 26 2 87 57 90 51 99 62 34 9 61 74 24 79 95 30 54 56 83 79 65 69 43 86 79 7 5 50 58 6 66 92 12 99
83 47 16 40 24 77 56 49 84 7 23 11 53 52 71 46 100 19 28 70 100 13 41 58 43 23 28 45 80 25 67 5 57 79 27 5 14 36 11 70 18 13 15 8 35 60 86 46 87 64 96 1 98 71 83
