100 2500
0 1 81
0 3 7
0 4 87
0 5 99
0 6 77
0 7 65
0 9 1
0 10 19
0 12 18
0 13 9
0 15 88
0 16 43
0 19 100
0 20 70
0 22 78
0 23 42
0 24 46
0 25 69
0 26 59
0 27 22
0 28 57
0 29 65
0 30 98
0 32 99
0 33 1
0 36 71
0 37 36
0 38 13
0 39 42
0 40 3
0 41 37
0 42 34
0 43 47
0 45 83
0 48 3
0 50 65
0 52 4
0 54 19
0 55 95
0 58 95
0 59 60
0 61 87
0 62 58
0 63 33
0 64 32
0 65 70
0 66 58
0 67 96
0 68 66
0 69 7
0 70 86
0 73 38
0 74 72
0 75 21
0 77 33
0 78 14
0 79 86
0 82 92
0 83 84
0 84 12
0 85 26
0 86 12
0 89 45
0 90 76
0 91 23
0 92 46
0 95 67
0 97 63
0 98 99
0 99 67
1 3 1
1 4 60
1 6 12
1 7 86
1 8 66
1 9 55
1 10 26
1 12 40
1 13 58
1 14 46
1 15 46
1 17 77
1 18 72
1 19 29
1 20 26
1 21 18
1 22 26
1 23 43
1 28 74
1 31 16
1 32 32
1 33 85
1 34 87
1 35 100
1 36 18
1 37 9
1 38 45
1 41 81
1 42 56
1 45 41
1 46 52
1 47 41
1 48 7
1 49 15
1 50 22
1 51 19
1 52 26
1 54 66
1 56 2
1 59 54
1 60 64
1 62 33
1 63 94
1 64 100
1 65 64
1 66 53
1 67 68
1 68 89
1 69 38
1 71 11
1 72 33
1 73 43
1 74 31
1 75 31
1 77 77
1 78 28
1 79 35
1 80 2
1 81 63
1 82 90
1 84 63
1 85 74
1 86 65
1 87 88
1 88 20
1 89 98
1 91 60
1 92 39
1 93 22
1 95 24
1 96 24
1 97 42
1 98 90
1 99 19
2 3 24
2 4 12
2 5 17
2 7 44
2 11 29
2 12 83
2 13 93
2 14 74
2 15 58
2 16 8
2 17 100
2 18 6
2 20 16
2 21 59
2 22 11
2 23 84
2 24 6
2 25 93
2 26 50
2 27 79
2 28 13
2 29 59
2 30 71
2 31 77
2 32 68
2 34 33
2 37 51
2 38 32
2 40 5
2 41 70
2 42 32
2 43 24
2 44 34
2 48 98
2 49 74
2 50 90
2 52 5
2 53 23
2 54 50
2 55 74
2 57 89
2 58 59
2 59 74
2 60 43
2 62 27
2 64 100
2 65 86
2 66 14
2 67 24
2 68 2
2 70 12
2 71 88
2 73 74
2 74 52
2 76 76
2 77 89
2 78 24
2 80 54
2 81 46
2 82 93
2 83 4
2 84 34
2 85 5
2 86 62
2 88 100
2 91 49
2 92 67
2 93 92
2 95 9
2 96 100
2 97 44
2 99 7
3 4 99
3 5 22
3 7 87
3 8 91
3 9 48
3 10 73
3 11 2
3 12 58
3 13 99
3 14 17
3 15 67
3 16 81
3 17 75
3 18 14
3 19 53
3 22 10
3 23 59
3 24 14
3 25 14
3 27 45
3 30 57
3 31 4
3 33 61
3 34 48
3 35 76
3 36 48
3 37 18
3 41 46
3 42 60
3 43 47
3 44 79
3 45 50
3 46 31
3 48 54
3 49 36
3 50 10
3 51 32
3 53 36
3 55 29
3 56 25
3 57 52
3 58 28
3 59 80
3 60 91
3 62 66
3 63 67
3 64 86
3 66 75
3 68 3
3 69 57
3 71 86
3 72 69
3 74 94
3 75 58
3 76 90
3 77 95
3 78 81
3 79 90
3 80 10
3 81 55
3 82 40
3 83 21
3 85 98
3 86 72
3 87 98
3 88 62
3 90 21
3 91 30
3 92 67
3 93 39
3 94 27
3 95 32
3 96 99
3 97 70
3 98 85
3 99 58
4 5 74
4 7 91
4 9 29
4 10 10
4 11 3
4 12 32
4 13 31
4 16 76
4 17 89
4 18 66
4 20 94
4 21 24
4 22 25
4 23 6
4 24 100
4 25 65
4 26 35
4 27 100
4 29 23
4 30 9
4 31 19
4 34 71
4 35 94
4 36 37
4 37 64
4 39 13
4 41 96
4 42 57
4 43 27
4 44 54
4 45 45
4 47 65
4 49 13
4 50 79
4 51 72
4 53 5
4 55 30
4 56 78
4 57 31
4 58 6
4 59 34
4 60 35
4 61 79
4 62 99
4 63 98
4 64 41
4 66 89
4 67 98
4 69 47
4 70 15
4 71 3
4 72 14
4 75 18
4 76 87
4 77 47
4 78 43
4 80 22
4 81 53
4 82 24
4 84 50
4 85 82
4 86 36
4 87 69
4 89 96
4 90 41
4 92 47
4 93 81
4 94 16
4 95 45
4 96 50
4 98 69
4 99 54
5 7 81
5 8 81
5 9 58
5 10 92
5 11 1
5 12 75
5 13 51
5 14 69
5 15 60
5 17 25
5 18 51
5 19 11
5 20 48
5 21 22
5 22 33
5 25 16
5 26 27
5 28 44
5 30 6
5 31 73
5 32 1
5 33 86
5 35 2
5 36 29
5 37 88
5 38 62
5 39 39
5 40 91
5 41 4
5 42 97
5 44 6
5 45 52
5 46 23
5 47 57
5 49 33
5 50 30
5 51 95
5 52 17
5 53 16
5 54 100
5 55 34
5 56 91
5 59 88
5 61 78
5 62 61
5 63 77
5 65 94
5 66 68
5 67 43
5 68 1
5 69 60
5 70 7
5 71 26
5 72 85
5 73 28
5 75 61
5 76 24
5 77 56
5 78 49
5 79 89
5 81 98
5 82 39
5 84 88
5 85 18
5 86 59
5 87 10
5 88 18
5 89 87
5 93 5
5 94 48
5 95 83
5 96 100
5 97 75
5 99 29
6 7 55
6 10 24
6 11 91
6 12 93
6 13 31
6 15 78
6 16 41
6 17 1
6 18 11
6 19 92
6 20 59
6 21 25
6 22 90
6 23 81
6 24 19
6 25 36
6 26 21
6 27 36
6 28 46
6 29 21
6 30 61
6 31 65
6 32 39
6 34 82
6 35 43
6 36 28
6 37 6
6 38 89
6 39 13
6 41 56
6 42 88
6 43 38
6 44 40
6 45 32
6 47 12
6 48 21
6 49 41
6 50 58
6 51 60
6 52 55
6 54 26
6 55 32
6 57 19
6 58 96
6 59 50
6 61 17
6 63 80
6 64 86
6 65 61
6 68 33
6 69 45
6 71 70
6 72 9
6 74 55
6 75 55
6 76 24
6 78 47
6 79 1
6 80 63
6 83 16
6 84 76
6 85 79
6 86 39
6 87 54
6 89 90
6 91 9
6 92 9
6 93 73
6 94 5
6 95 70
6 98 6
6 99 68
7 10 14
7 12 93
7 13 41
7 14 99
7 16 16
7 19 74
7 20 38
7 21 49
7 22 23
7 24 57
7 26 20
7 27 26
7 28 25
7 29 90
7 31 99
7 33 16
7 34 34
7 35 95
7 36 65
7 38 73
7 39 16
7 41 11
7 42 90
7 43 46
7 44 73
7 46 32
7 49 97
7 50 17
7 51 56
7 54 64
7 55 89
7 57 95
7 58 93
7 60 65
7 62 29
7 63 68
7 64 30
7 65 63
7 67 49
7 68 5
7 70 96
7 71 72
7 72 22
7 73 69
7 74 83
7 75 86
7 76 61
7 77 81
7 78 28
7 80 35
7 81 54
7 82 80
7 85 27
7 86 21
7 87 8
7 88 29
7 91 100
7 92 9
7 93 15
7 94 68
7 95 71
7 98 66
7 99 97
8 9 2
8 10 32
8 11 37
8 12 26
8 13 6
8 14 54
8 15 14
8 17 29
8 18 53
8 19 35
8 20 81
8 22 15
8 23 48
8 24 100
8 25 98
8 26 19
8 27 11
8 29 18
8 32 39
8 33 31
8 34 40
8 35 55
8 36 87
8 38 47
8 39 60
8 41 56
8 43 85
8 45 60
8 46 79
8 47 28
8 48 27
8 49 2
8 50 54
8 51 96
8 52 41
8 53 14
8 54 62
8 55 81
8 56 42
8 58 3
8 60 95
8 62 95
8 63 34
8 64 36
8 66 9
8 67 30
8 68 96
8 69 43
8 71 92
8 74 85
8 75 15
8 77 8
8 80 13
8 81 66
8 82 45
8 83 80
8 84 67
8 85 73
8 86 48
8 88 59
8 90 88
8 91 89
8 92 12
8 93 93
8 94 47
8 95 65
8 96 19
8 97 53
8 98 33
9 10 52
9 11 48
9 13 98
9 14 69
9 16 71
9 17 59
9 18 31
9 20 5
9 21 7
9 22 96
9 25 75
9 27 49
9 29 42
9 30 93
9 31 83
9 33 20
9 34 57
9 35 22
9 36 13
9 37 56
9 38 75
9 39 70
9 41 19
9 42 4
9 43 72
9 44 41
9 45 91
9 46 97
9 47 21
9 48 42
9 49 16
9 50 69
9 51 33
9 52 8
9 54 86
9 55 12
9 56 43
9 57 18
9 59 53
9 60 95
9 62 92
9 63 84
9 64 36
9 65 49
9 66 48
9 68 37
9 69 36
9 70 96
9 71 35
9 73 89
9 74 74
9 75 84
9 76 35
9 77 66
9 78 21
9 79 89
9 80 42
9 81 8
9 82 70
9 83 32
9 84 34
9 85 72
9 86 91
9 87 99
9 88 49
9 89 68
9 91 37
9 92 66
9 93 95
9 95 79
9 96 55
9 97 24
9 98 74
9 99 28
10 11 90
10 12 43
10 14 83
10 16 30
10 18 77
10 19 27
10 22 70
10 23 17
10 25 60
10 26 68
10 27 54
10 29 38
10 30 39
10 32 43
10 33 7
10 34 78
10 35 37
10 36 72
10 37 18
10 38 2
10 40 5
10 41 39
10 42 4
10 43 60
10 44 29
10 47 6
10 48 51
10 49 37
10 50 26
10 51 41
10 52 50
10 53 74
10 54 68
10 55 48
10 56 86
10 57 6
10 60 74
10 61 74
10 63 59
10 64 67
10 65 92
10 66 11
10 67 76
10 68 27
10 69 55
10 70 20
10 71 80
10 74 13
10 75 47
10 76 54
10 80 87
10 81 71
10 83 91
10 84 81
10 86 61
10 87 55
10 88 44
10 90 60
10 92 3
10 95 51
10 96 7
10 97 36
10 98 69
10 99 13
11 12 32
11 13 40
11 14 37
11 15 98
11 16 21
11 18 31
11 20 63
11 21 36
11 22 8
11 23 21
11 24 91
11 25 68
11 26 85
11 28 6
11 30 57
11 31 17
11 32 96
11 33 24
11 34 52
11 35 97
11 36 87
11 37 7
11 39 16
11 40 35
11 41 88
11 43 43
11 44 93
11 46 6
11 48 3
11 49 71
11 50 61
11 51 36
11 52 86
11 53 51
11 54 82
11 55 46
11 56 44
11 58 33
11 60 16
11 61 59
11 62 60
11 63 46
11 64 54
11 65 13
11 66 52
11 67 18
11 69 7
11 70 24
11 71 93
11 72 59
11 73 78
11 74 77
11 75 92
11 76 56
11 77 70
11 78 35
11 80 1
11 81 87
11 83 61
11 84 15
11 85 30
11 86 24
11 87 85
11 89 29
11 90 77
11 91 83
11 92 43
11 93 51
11 94 25
11 95 92
11 96 46
11 97 100
12 13 51
12 14 29
12 16 23
12 18 64
12 19 79
12 20 73
12 21 63
12 23 61
12 24 32
12 27 40
12 28 77
12 29 23
12 31 69
12 32 10
12 33 67
12 34 58
12 35 72
12 37 3
12 39 19
12 40 41
12 42 96
12 43 8
12 46 21
12 47 81
12 48 89
12 50 89
12 51 64
12 52 74
12 53 34
12 54 86
12 55 86
12 56 34
12 57 89
12 58 51
12 59 34
12 60 73
12 61 87
12 62 39
12 64 64
12 65 18
12 66 14
12 67 22
12 68 20
12 69 35
12 70 11
12 73 31
12 74 85
12 75 14
12 76 28
12 79 70
12 80 56
12 81 66
12 83 6
12 84 18
12 85 56
12 87 98
12 89 5
12 90 11
12 91 29
12 92 58
12 93 4
12 95 83
12 96 39
12 97 54
12 98 93
12 99 50
13 14 54
13 15 85
13 17 82
13 18 50
13 19 85
13 20 75
13 22 86
13 24 89
13 25 44
13 26 27
13 27 56
13 29 65
13 32 43
13 34 64
13 35 18
13 36 82
13 37 74
13 38 21
13 39 13
13 40 4
13 42 62
13 45 6
13 46 74
13 47 32
13 48 4
13 49 27
13 50 12
13 51 18
13 53 100
13 54 77
13 55 36
13 57 7
13 58 3
13 62 94
13 63 79
13 64 71
13 66 98
13 67 67
13 68 67
13 69 99
13 70 1
13 71 32
13 72 92
13 74 1
13 75 23
13 76 31
13 77 91
13 78 70
13 79 20
13 80 76
13 81 70
13 82 29
13 83 96
13 85 90
13 86 88
13 89 62
13 90 58
13 91 3
13 92 99
13 93 15
13 95 49
13 96 25
13 97 69
13 98 66
13 99 18
14 17 57
14 18 70
14 19 38
14 21 82
14 23 12
14 24 73
14 25 87
14 27 89
14 28 35
14 31 92
14 33 38
14 34 86
14 35 75
14 36 54
14 37 91
14 38 63
14 39 2
14 40 29
14 41 32
14 42 87
14 43 62
14 44 47
14 45 95
14 46 20
14 47 80
14 49 8
14 51 11
14 52 55
14 53 38
14 55 23
14 56 59
14 57 7
14 59 66
14 61 71
14 63 19
14 64 49
14 65 49
14 66 43
14 67 90
14 68 5
14 69 44
14 71 78
14 72 23
14 73 32
14 74 78
14 76 69
14 77 32
14 78 40
14 80 77
14 81 65
14 82 91
14 83 97
14 87 42
14 89 82
14 91 18
14 92 88
14 93 32
14 94 41
14 95 89
14 96 3
14 97 74
14 98 96
14 99 15
15 17 9
15 18 82
15 19 35
15 21 21
15 22 59
15 23 59
15 24 49
15 26 84
15 27 68
15 28 45
15 29 20
15 30 36
15 31 20
15 33 18
15 34 86
15 35 90
15 36 39
15 38 15
15 39 41
15 40 52
15 41 22
15 44 6
15 45 82
15 46 37
15 48 91
15 49 81
15 50 5
15 51 83
15 53 49
15 57 53
15 58 90
15 59 70
15 60 84
15 61 54
15 62 99
15 64 25
15 65 45
15 66 95
15 68 41
15 70 26
15 71 61
15 73 4
15 74 64
15 75 86
15 77 66
15 78 97
15 79 27
15 80 47
15 81 83
15 82 30
15 83 64
15 84 75
15 85 47
15 86 88
15 87 65
15 88 100
15 89 33
15 91 84
15 92 10
15 93 74
15 94 76
15 95 85
15 96 15
15 97 34
15 98 88
15 99 5
16 18 35
16 20 88
16 21 85
16 22 67
16 23 47
16 25 75
16 26 80
16 27 71
16 28 81
16 29 63
16 30 79
16 32 83
16 33 88
16 35 71
16 36 69
16 37 61
16 38 80
16 40 57
16 41 15
16 43 39
16 44 71
16 45 99
16 47 58
16 48 81
16 49 1
16 51 72
16 52 63
16 53 71
16 54 84
16 56 16
16 58 77
16 59 1
16 61 68
16 62 42
16 63 18
16 64 29
16 66 8
16 69 57
16 70 2
16 71 6
16 72 33
16 73 2
16 76 98
16 77 45
16 78 18
16 79 87
16 80 74
16 83 46
16 84 47
16 85 52
16 87 82
16 88 76
16 89 6
16 90 59
16 93 56
16 94 49
16 96 18
16 97 37
16 98 98
16 99 23
17 19 9
17 20 4
17 21 67
17 22 90
17 23 17
17 24 97
17 25 14
17 26 89
17 28 73
17 30 47
17 31 71
17 32 34
17 34 66
17 36 54
17 37 69
17 38 3
17 39 10
17 41 24
17 42 13
17 43 23
17 44 94
17 45 68
17 46 93
17 48 19
17 49 86
17 50 25
17 51 13
17 52 18
17 53 50
17 55 91
17 57 92
17 58 16
17 59 58
17 60 65
17 61 7
17 62 7
17 63 54
17 64 30
17 65 16
17 66 58
17 68 33
17 70 7
17 72 6
17 73 7
17 74 45
17 75 53
17 76 71
17 77 77
17 78 68
17 79 37
17 80 79
17 81 16
17 83 47
17 84 89
17 85 89
17 86 100
17 87 26
17 88 30
17 89 86
17 90 80
17 92 46
17 93 45
17 94 33
17 95 43
17 97 70
17 98 55
17 99 84
18 19 19
18 21 47
18 22 71
18 23 13
18 24 87
18 25 11
18 26 26
18 28 25
18 29 67
18 30 12
18 31 24
18 32 97
18 33 9
18 34 52
18 35 83
18 36 75
18 37 79
18 38 84
18 39 46
18 40 78
18 42 48
18 44 72
18 45 51
18 46 69
18 47 79
18 48 72
18 49 24
18 50 62
18 51 56
18 52 78
18 53 85
18 57 35
18 58 32
18 60 60
18 61 82
18 63 14
18 64 77
18 65 24
18 67 23
18 69 59
18 70 74
18 72 4
18 73 63
18 76 44
18 77 51
18 78 61
18 79 38
18 80 95
18 81 21
18 84 97
18 85 33
18 86 84
18 87 42
18 88 61
18 89 15
18 91 14
18 93 86
18 94 4
18 95 11
18 96 88
18 99 88
19 20 29
19 21 46
19 22 51
19 26 43
19 27 97
19 28 16
19 29 58
19 30 91
19 34 64
19 35 65
19 36 90
19 37 86
19 38 11
19 39 79
19 42 80
19 43 28
19 45 82
19 46 82
19 47 51
19 48 28
19 50 29
19 51 56
19 53 29
19 54 58
19 55 24
19 57 53
19 58 51
19 60 67
19 61 20
19 62 89
19 63 20
19 65 57
19 66 13
19 67 44
19 69 99
19 70 36
19 71 77
19 72 26
19 73 49
19 75 79
19 76 28
19 77 26
19 78 48
19 79 34
19 80 100
19 81 53
19 83 46
19 84 20
19 86 31
19 87 4
19 88 54
19 89 9
19 90 58
19 91 58
19 94 52
19 95 10
19 97 96
19 98 93
19 99 74
20 22 60
20 23 15
20 27 8
20 28 19
20 29 98
20 30 86
20 31 79
20 32 57
20 33 21
20 34 42
20 35 3
20 36 59
20 39 29
20 40 24
20 41 8
20 42 38
20 43 89
20 45 59
20 47 86
20 48 96
20 49 63
20 51 75
20 52 46
20 53 39
20 54 49
20 55 67
20 58 9
20 59 40
20 60 87
20 61 77
20 62 100
20 64 67
20 65 65
20 66 64
20 68 53
20 70 28
20 71 49
20 72 14
20 73 88
20 74 51
20 75 16
20 77 100
20 78 95
20 79 51
20 80 5
20 82 27
20 83 78
20 84 21
20 85 31
20 87 51
20 89 86
20 90 21
20 92 35
20 93 39
20 94 37
20 95 85
20 96 44
21 22 12
21 23 48
21 26 97
21 27 86
21 28 49
21 29 90
21 30 1
21 31 14
21 32 88
21 33 60
21 34 78
21 35 14
21 37 21
21 38 69
21 39 8
21 40 65
21 41 30
21 43 45
21 45 19
21 46 97
21 47 62
21 49 9
21 50 74
21 51 54
21 52 75
21 53 6
21 54 86
21 55 11
21 56 41
21 57 87
21 58 23
21 59 60
21 61 10
21 63 11
21 64 8
21 66 58
21 68 11
21 70 33
21 71 15
21 72 88
21 74 58
21 75 62
21 76 1
21 77 91
21 78 26
21 79 19
21 80 29
21 81 88
21 82 19
21 83 71
21 87 70
21 88 54
21 89 57
21 90 52
21 91 15
21 95 73
21 96 14
21 97 62
21 98 38
21 99 56
22 23 17
22 26 12
22 27 2
22 28 89
22 30 85
22 31 40
22 32 24
22 33 70
22 34 86
22 35 60
22 36 92
22 40 86
22 41 71
22 43 89
22 44 75
22 45 72
22 47 88
22 49 31
22 52 31
22 56 35
22 57 58
22 58 18
22 60 82
22 61 36
22 63 15
22 64 2
22 65 79
22 67 87
22 68 58
22 69 93
22 71 85
22 74 84
22 76 30
22 77 67
22 78 19
22 79 73
22 81 21
22 82 15
22 83 80
22 84 22
22 85 35
22 86 17
22 87 75
22 89 18
22 91 7
22 94 1
22 95 87
22 96 48
22 97 98
22 98 33
22 99 100
23 24 9
23 25 83
23 26 72
23 29 39
23 30 17
23 31 31
23 32 64
23 33 98
23 36 30
23 37 7
23 39 89
23 40 90
23 44 47
23 45 86
23 46 42
23 47 65
23 48 26
23 50 27
23 51 16
23 52 31
23 54 98
23 55 57
23 56 4
23 57 81
23 60 67
23 61 13
23 64 84
23 65 66
23 66 10
23 67 48
23 70 63
23 71 81
23 73 60
23 74 52
23 75 50
23 76 79
23 77 9
23 78 31
23 82 8
23 83 20
23 84 80
23 85 42
23 87 96
23 88 20
23 89 72
23 90 22
23 92 78
23 93 26
23 94 93
23 95 89
23 97 39
23 98 82
23 99 20
24 25 55
24 26 49
24 27 43
24 28 15
24 29 7
24 31 76
24 33 15
24 34 88
24 35 85
24 37 55
24 38 44
24 39 62
24 40 90
24 41 88
24 42 7
24 44 53
24 46 67
24 47 23
24 49 46
24 50 91
24 52 74
24 54 72
24 55 30
24 56 19
24 57 57
24 58 48
24 59 91
24 63 41
24 64 74
24 65 90
24 66 40
24 68 77
24 69 65
24 70 90
24 71 22
24 73 97
24 74 46
24 76 36
24 77 46
24 78 6
24 80 26
24 81 65
24 82 45
24 84 35
24 85 17
24 86 73
24 88 39
24 89 41
24 90 28
24 91 64
24 93 26
24 95 59
24 96 64
24 97 38
24 99 24
25 26 42
25 27 74
25 28 85
25 30 32
25 31 63
25 32 83
25 33 15
25 35 56
25 36 45
25 37 18
25 38 20
25 40 1
25 41 90
25 42 69
25 43 71
25 45 95
25 46 31
25 47 28
25 48 5
25 49 46
25 51 39
25 53 5
25 54 100
25 56 71
25 57 5
25 58 99
25 59 28
25 60 84
25 61 11
25 62 1
25 63 9
25 64 60
25 66 55
25 70 88
25 71 49
25 73 64
25 74 58
25 75 51
25 76 65
25 77 59
25 79 100
25 80 60
25 81 68
25 82 88
25 83 66
25 84 25
25 86 10
25 87 66
25 89 86
25 90 51
25 91 36
25 92 74
25 93 57
25 95 13
25 96 18
25 97 93
25 98 36
25 99 76
26 27 22
26 28 35
26 29 90
26 30 7
26 31 17
26 32 13
26 34 67
26 35 38
26 36 4
26 37 74
26 38 77
26 39 90
26 40 17
26 41 55
26 43 75
26 45 98
26 49 84
26 50 79
26 51 50
26 52 25
26 53 39
26 54 21
26 55 30
26 57 62
26 58 10
26 59 97
26 60 32
26 61 88
26 62 87
26 63 22
26 64 33
26 65 86
26 66 66
26 67 27
26 68 98
26 69 59
26 70 64
26 71 61
26 73 84
26 74 38
26 75 20
26 76 54
26 77 51
26 80 83
26 82 49
26 83 55
26 84 41
26 86 79
26 87 73
26 88 38
26 89 93
26 90 5
26 91 8
26 92 8
26 93 51
26 95 41
26 96 46
26 97 30
26 98 97
27 28 19
27 29 78
27 30 98
27 31 81
27 34 95
27 35 43
27 37 69
27 38 46
27 41 75
27 43 48
27 44 28
27 45 60
27 47 73
27 49 96
27 50 89
27 51 63
27 52 47
27 53 57
27 54 45
27 55 87
27 57 33
27 59 85
27 66 12
27 67 71
27 68 4
27 69 84
27 70 48
27 71 72
27 72 59
27 73 21
27 77 70
27 79 24
27 80 92
27 81 75
27 82 13
27 83 33
27 84 59
27 85 35
27 86 96
27 88 66
27 90 91
27 94 84
27 95 5
27 96 32
27 97 63
27 98 81
27 99 76
28 31 60
28 32 64
28 33 60
28 35 98
28 36 28
28 37 34
28 39 61
28 41 17
28 42 17
28 43 68
28 45 92
28 46 4
28 47 70
28 48 75
28 49 70
28 51 88
28 52 66
28 53 49
28 54 84
28 56 13
28 57 77
28 59 40
28 61 48
28 63 43
28 64 53
28 65 43
28 66 83
28 67 61
28 68 91
28 69 23
28 71 20
28 72 30
28 73 96
28 74 79
28 75 52
28 76 17
28 78 42
28 79 7
28 80 7
28 81 50
28 82 7
28 84 6
28 85 41
28 86 46
28 87 93
28 88 27
28 89 89
28 90 46
28 92 65
28 93 47
28 97 41
28 99 38
29 33 85
29 34 53
29 35 45
29 36 94
29 37 23
29 38 95
29 39 80
29 41 17
29 42 57
29 43 81
29 44 81
29 45 72
29 46 18
29 47 36
29 49 20
29 50 41
29 51 95
29 52 50
29 55 68
29 56 4
29 57 70
29 58 15
29 59 80
29 61 66
29 62 30
29 64 98
29 65 11
29 66 13
29 68 95
29 69 13
29 70 38
29 71 19
29 73 91
29 74 44
29 78 62
29 81 86
29 84 45
29 85 1
29 86 13
29 87 72
29 88 27
29 89 31
29 91 71
29 92 82
29 93 71
29 94 75
29 95 43
29 96 37
30 31 92
30 32 93
30 33 2
30 35 75
30 36 3
30 37 38
30 38 43
30 39 82
30 40 41
30 41 52
30 43 47
30 44 87
30 45 21
30 46 35
30 48 6
30 49 82
30 50 32
30 52 48
30 53 96
30 54 5
30 56 10
30 57 86
30 58 39
30 59 54
30 61 12
30 63 49
30 64 58
30 65 20
30 66 91
30 67 95
30 69 79
30 71 38
30 72 17
30 73 84
30 74 31
30 75 97
30 76 76
30 77 44
30 78 58
30 79 29
30 80 20
30 81 23
30 82 47
30 84 71
30 85 37
30 86 98
30 87 28
30 90 73
30 91 62
30 92 43
30 93 26
30 94 61
30 95 83
30 96 42
30 97 24
30 98 53
30 99 48
31 32 68
31 33 23
31 34 17
31 36 96
31 37 15
31 38 1
31 39 63
31 40 56
31 41 24
31 42 18
31 43 85
31 44 56
31 46 88
31 47 68
31 48 35
31 49 9
31 51 43
31 52 54
31 53 50
31 54 57
31 56 85
31 57 19
31 58 19
31 60 28
31 61 53
31 63 80
31 64 25
31 65 4
31 66 17
31 67 8
31 69 62
31 70 46
31 72 88
31 74 36
31 76 53
31 77 19
31 78 80
31 79 1
31 80 27
31 81 53
31 82 98
31 83 43
31 84 83
31 86 45
31 87 9
31 89 19
31 90 98
31 93 19
31 94 62
31 95 68
31 96 57
31 97 31
31 98 85
31 99 74
32 33 25
32 34 21
32 37 12
32 38 84
32 40 77
32 42 65
32 43 55
32 44 75
32 45 27
32 50 74
32 52 20
32 54 78
32 55 55
32 58 15
32 60 26
32 61 12
32 62 40
32 63 14
32 64 30
32 66 32
32 67 64
32 68 33
32 69 31
32 71 12
32 72 98
32 73 82
32 75 53
32 76 93
32 77 16
32 78 56
32 80 78
32 82 52
32 84 70
32 85 18
32 86 37
32 87 51
32 88 34
32 89 79
32 90 25
32 91 61
32 92 40
32 94 9
32 95 47
32 96 5
32 97 36
32 98 67
32 99 5
33 35 7
33 37 74
33 38 72
33 39 72
33 40 6
33 41 59
33 42 51
33 44 3
33 45 84
33 46 27
33 48 50
33 51 46
33 52 85
33 54 91
33 55 34
33 56 36
33 58 29
33 59 21
33 60 89
33 61 87
33 62 27
33 63 57
33 64 74
33 65 65
33 66 22
33 67 87
33 68 36
33 69 37
33 70 67
33 71 14
33 72 75
33 74 16
33 75 35
33 76 82
33 77 81
33 79 40
33 81 85
33 82 1
33 85 93
33 86 42
33 87 76
33 89 100
33 91 13
33 92 4
33 93 5
33 94 9
33 95 73
33 96 69
33 97 8
33 99 14
34 35 47
34 36 15
34 37 79
34 38 43
34 39 82
34 41 78
34 42 100
34 44 92
34 46 58
34 48 64
34 49 47
34 50 78
34 51 95
34 52 14
34 53 6
34 55 50
34 56 1
34 58 48
34 59 75
34 61 15
34 62 30
34 63 75
34 64 92
34 65 81
34 66 55
34 67 85
34 69 95
34 70 98
34 73 31
34 74 86
34 76 28
34 77 16
34 78 63
34 80 82
34 81 91
34 82 93
34 83 83
34 84 80
34 85 10
34 86 41
34 87 71
34 88 38
34 89 59
34 90 7
34 91 38
34 93 95
34 94 45
34 95 81
34 97 21
34 98 88
34 99 21
35 36 31
35 38 31
35 39 46
35 40 98
35 44 67
35 45 27
35 46 78
35 47 84
35 48 51
35 49 73
35 50 33
35 51 27
35 52 92
35 53 34
35 54 14
35 55 40
35 56 76
35 57 31
35 58 66
35 59 43
35 60 78
35 61 87
35 62 96
35 63 63
35 65 10
35 66 76
35 67 22
35 69 86
35 70 34
35 71 68
35 72 63
35 73 50
35 74 26
35 75 38
35 76 62
35 77 76
35 79 73
35 81 40
35 84 47
35 85 87
35 86 57
35 87 85
35 88 59
35 89 41
35 91 46
35 92 76
35 93 85
35 94 76
35 96 55
35 97 92
35 98 62
35 99 50
36 37 2
36 39 57
36 42 66
36 43 89
36 44 97
36 45 30
36 46 1
36 47 10
36 48 49
36 50 80
36 51 44
36 52 76
36 53 27
36 56 50
36 57 87
36 58 33
36 59 50
36 60 38
36 61 2
36 62 52
36 63 42
36 64 45
36 65 41
36 66 18
36 67 88
36 68 83
36 69 7
36 70 48
36 71 22
36 72 15
36 73 22
36 74 97
36 76 22
36 77 16
36 78 99
36 79 69
36 81 29
36 83 25
36 84 34
36 85 20
36 87 11
36 88 8
36 89 15
36 91 45
36 92 35
36 93 19
36 94 97
36 95 44
36 96 19
36 98 40
37 38 100
37 40 73
37 41 17
37 43 81
37 45 53
37 47 42
37 48 51
37 49 66
37 50 39
37 51 60
37 52 60
37 53 38
37 56 78
37 57 14
37 58 70
37 59 56
37 60 1
37 61 10
37 64 31
37 68 86
37 69 7
37 70 22
37 71 39
37 72 75
37 73 61
37 75 26
37 76 82
37 78 34
37 79 2
37 80 56
37 81 2
37 84 77
37 86 22
37 88 4
37 89 26
37 91 18
37 93 65
37 95 66
37 96 40
37 97 25
37 98 9
37 99 97
38 39 3
38 40 81
38 42 96
38 43 25
38 44 62
38 45 49
38 46 32
38 47 70
38 48 13
38 49 18
38 50 78
38 51 15
38 52 45
38 53 11
38 54 85
38 55 81
38 56 68
38 58 63
38 59 28
38 60 80
38 62 67
38 64 84
38 65 32
38 66 98
38 68 84
38 69 24
38 70 14
38 71 92
38 72 40
38 73 5
38 74 36
38 76 66
38 77 29
38 78 77
38 80 69
38 83 31
38 86 19
38 87 77
38 88 26
38 90 1
38 91 48
38 92 28
38 93 20
38 94 72
38 95 76
38 97 95
38 98 13
38 99 59
39 40 24
39 42 89
39 43 55
39 44 93
39 45 31
39 47 58
39 49 18
39 50 61
39 51 15
39 52 93
39 53 87
39 54 6
39 56 23
39 57 12
39 58 23
39 59 98
39 60 41
39 61 44
39 63 48
39 64 93
39 65 12
39 66 45
39 67 17
39 68 39
39 69 52
39 70 75
39 71 24
39 72 74
39 73 50
39 74 13
39 78 12
39 79 56
39 81 11
39 83 8
39 86 89
39 87 64
39 89 56
39 90 31
39 91 45
39 93 82
39 94 55
39 95 46
39 96 93
39 97 46
40 41 4
40 43 100
40 44 94
40 45 93
40 46 27
40 47 99
40 50 43
40 51 63
40 52 59
40 53 26
40 54 7
40 55 69
40 56 5
40 57 60
40 59 34
40 60 27
40 61 12
40 62 46
40 63 27
40 65 13
40 66 27
40 67 29
40 68 89
40 69 29
40 70 66
40 71 88
40 72 59
40 73 22
40 74 72
40 75 85
40 76 82
40 77 62
40 78 64
40 79 60
40 80 88
40 81 93
40 82 27
40 83 44
40 84 53
40 85 97
40 86 68
40 87 27
40 90 79
40 91 64
40 92 19
40 93 35
40 94 29
40 95 73
40 96 7
40 97 5
40 98 71
40 99 56
41 42 99
41 44 92
41 45 28
41 46 79
41 47 64
41 48 16
41 50 19
41 51 61
41 52 30
41 53 41
41 54 35
41 55 66
41 56 31
41 57 36
41 58 8
41 59 49
41 60 68
41 61 46
41 62 67
41 63 18
41 65 12
41 66 50
41 67 9
41 68 22
41 69 13
41 70 37
41 71 15
41 73 89
41 74 88
41 78 35
41 79 18
41 80 34
41 81 68
41 82 77
41 83 2
41 84 68
41 86 34
41 87 62
41 88 15
41 89 40
41 91 94
41 92 46
41 93 29
41 95 78
41 97 54
41 98 76
41 99 9
42 43 31
42 45 73
42 46 83
42 49 20
42 50 20
42 51 67
42 52 99
42 55 22
42 56 56
42 57 92
42 58 99
42 61 27
42 62 48
42 63 62
42 64 4
42 66 94
42 67 39
42 68 47
42 69 5
42 70 29
42 71 52
42 72 8
42 74 4
42 75 64
42 78 99
42 79 98
42 80 87
42 81 17
42 82 7
42 83 70
42 85 4
42 86 30
42 89 12
42 91 87
42 92 48
42 93 32
42 98 30
43 44 25
43 45 83
43 46 36
43 47 65
43 48 23
43 49 69
43 50 98
43 51 9
43 52 43
43 53 75
43 54 2
43 55 15
43 57 99
43 58 56
43 59 7
43 62 69
43 64 74
43 65 43
43 66 100
43 68 18
43 69 32
43 71 76
43 72 89
43 73 21
43 74 68
43 75 43
43 76 62
43 80 93
43 81 16
43 82 45
43 83 40
43 84 81
43 85 100
43 86 80
43 88 78
43 89 98
43 91 55
43 92 86
43 93 61
43 94 99
43 95 19
43 96 95
43 97 69
43 98 88
43 99 22
44 45 51
44 46 79
44 47 28
44 49 58
44 51 22
44 52 70
44 53 10
44 54 6
44 55 73
44 56 61
44 58 54
44 59 79
44 61 40
44 62 91
44 63 71
44 64 69
44 65 92
44 66 60
44 67 76
44 70 44
44 71 57
44 72 18
44 75 68
44 77 6
44 78 24
44 79 5
44 80 96
44 81 64
44 82 63
44 83 37
44 84 33
44 86 40
44 88 33
44 89 96
44 90 25
44 94 11
44 95 74
44 96 44
44 97 52
44 98 50
45 46 48
45 47 91
45 48 100
45 49 79
45 50 67
45 52 88
45 53 72
45 55 20
45 56 18
45 57 38
45 58 61
45 60 50
45 61 26
45 62 15
45 64 74
45 66 93
45 71 19
45 72 4
45 73 25
45 74 33
45 76 9
45 77 47
45 80 7
45 81 1
45 82 40
45 83 26
45 85 53
45 86 44
45 87 20
45 88 47
45 89 67
45 90 81
45 91 26
45 92 50
45 95 87
45 96 81
45 98 7
45 99 87
46 47 82
46 48 100
46 49 43
46 50 34
46 51 42
46 54 14
46 56 2
46 58 58
46 59 81
46 61 51
46 62 9
46 63 71
46 65 77
46 66 47
46 68 50
46 69 92
46 70 78
46 71 73
46 72 41
46 73 100
46 74 37
46 75 68
46 76 92
46 78 13
46 79 52
46 80 34
46 81 21
46 83 76
46 84 72
46 85 21
46 86 82
46 87 98
46 88 51
46 93 3
46 94 97
46 95 83
46 96 38
46 97 65
46 98 43
46 99 62
47 48 4
47 49 2
47 50 7
47 51 82
47 52 58
47 53 11
47 54 99
47 55 40
47 58 47
47 61 12
47 62 72
47 63 33
47 64 84
47 66 43
47 67 56
47 68 65
47 69 13
47 70 36
47 72 32
47 73 80
47 74 75
47 75 7
47 76 55
47 77 4
47 78 86
47 80 90
47 81 21
47 82 43
47 84 42
47 85 41
47 86 36
47 87 23
47 88 35
47 90 67
47 92 35
47 93 29
47 95 76
47 96 28
47 97 75
47 98 13
47 99 11
48 49 19
48 50 40
48 52 83
48 53 84
48 54 7
48 55 100
48 56 37
48 57 27
48 58 81
48 61 56
48 62 89
48 63 95
48 64 14
48 65 72
48 66 55
48 67 9
48 68 41
48 69 9
48 70 87
48 71 50
48 74 26
48 75 80
48 76 86
48 77 59
48 78 40
48 79 7
48 80 94
48 81 56
48 83 66
48 85 9
48 86 50
48 87 66
48 89 65
48 90 30
48 92 35
48 95 6
48 96 39
48 97 38
48 99 46
49 50 94
49 51 22
49 52 22
49 53 98
49 55 100
49 56 44
49 58 37
49 60 59
49 61 85
49 62 56
49 64 37
49 65 32
49 67 60
49 68 71
49 69 20
49 70 43
49 71 10
49 72 96
49 73 15
49 77 96
49 78 3
49 80 48
49 81 30
49 83 60
49 84 76
49 85 45
49 86 47
49 89 21
49 90 52
49 91 95
49 92 78
49 93 25
49 94 59
49 96 92
49 98 21
50 52 58
50 53 78
50 54 79
50 55 3
50 56 3
50 57 1
50 60 6
50 61 30
50 62 51
50 63 26
50 64 47
50 65 95
50 67 11
50 68 6
50 70 10
50 71 55
50 72 75
50 73 33
50 74 12
50 75 100
50 77 45
50 78 21
50 79 71
50 80 3
50 82 64
50 83 62
50 85 89
50 86 15
50 89 26
50 90 60
50 91 53
50 92 54
50 94 24
50 95 88
50 96 72
50 97 34
50 98 67
51 52 62
51 53 13
51 54 29
51 56 10
51 57 62
51 58 60
51 60 52
51 61 70
51 62 49
51 63 48
51 64 35
51 65 86
51 66 98
51 67 67
51 69 88
51 70 100
51 71 27
51 72 16
51 73 29
51 74 49
51 75 16
51 76 21
51 77 22
51 79 15
51 80 58
51 81 21
51 82 43
51 83 8
51 84 79
51 85 48
51 86 93
51 87 25
51 88 59
51 91 3
51 92 93
51 94 93
51 95 37
51 96 17
51 97 80
51 98 66
52 53 56
52 54 28
52 55 46
52 58 32
52 60 64
52 61 28
52 62 99
52 63 52
52 65 24
52 66 99
52 67 98
52 68 23
52 69 12
52 70 29
52 75 74
52 79 87
52 80 54
52 83 68
52 84 38
52 86 42
52 87 3
52 88 22
52 89 16
52 91 18
52 92 37
52 94 78
52 95 68
52 96 64
52 97 9
52 98 62
52 99 88
53 54 65
53 55 76
53 56 9
53 58 1
53 59 80
53 60 62
53 61 33
53 62 21
53 63 21
53 64 82
53 65 83
53 66 69
53 67 35
53 68 88
53 69 21
53 70 5
53 71 58
53 73 86
53 74 98
53 76 70
53 77 31
53 78 8
53 79 13
53 80 95
53 83 76
53 84 80
53 85 81
53 86 72
53 87 42
53 88 93
53 89 90
53 90 37
53 91 43
53 92 6
53 93 13
53 95 91
53 96 62
53 97 2
53 98 86
54 55 68
54 56 73
54 57 70
54 58 88
54 59 53
54 60 69
54 61 100
54 62 13
54 63 33
54 65 15
54 66 29
54 67 96
54 68 90
54 69 42
54 70 11
54 71 42
54 72 60
54 73 52
54 74 16
54 75 39
54 76 15
54 79 43
54 80 5
54 82 47
54 83 53
54 85 97
54 86 15
54 90 97
54 91 9
54 92 10
54 93 67
54 94 62
54 95 32
54 96 53
54 97 68
54 98 17
54 99 39
55 56 65
55 57 3
55 58 57
55 59 96
55 60 59
55 61 6
55 62 75
55 63 15
55 64 49
55 67 67
55 69 31
55 70 40
55 71 96
55 72 88
55 73 60
55 75 17
55 76 58
55 77 79
55 79 68
55 80 43
55 81 4
55 82 88
55 83 57
55 84 42
55 86 62
55 88 51
55 89 10
55 90 90
55 91 59
55 92 16
55 93 3
55 94 11
55 95 58
55 96 100
55 99 31
56 57 34
56 58 85
56 62 66
56 63 32
56 64 33
56 65 20
56 66 82
56 67 90
56 68 29
56 69 2
56 70 36
56 72 15
56 73 25
56 74 77
56 75 26
56 77 61
56 78 27
56 79 51
56 80 8
56 81 11
56 82 73
56 85 38
56 86 74
56 88 74
56 89 55
56 90 98
56 91 30
56 92 56
56 94 62
56 96 54
56 98 83
56 99 92
57 58 17
57 59 82
57 60 84
57 62 53
57 63 38
57 65 1
57 67 18
57 68 92
57 69 13
57 70 32
57 71 97
57 72 40
57 73 69
57 74 44
57 75 96
57 76 90
57 77 63
57 78 93
57 79 76
57 81 75
57 82 71
57 83 72
57 84 55
57 86 48
57 87 72
57 88 98
57 89 78
57 90 39
57 92 23
57 93 19
57 94 47
57 95 92
57 96 73
57 97 94
57 98 7
57 99 33
58 61 93
58 63 65
58 64 25
58 65 24
58 66 72
58 67 94
58 68 99
58 69 67
58 70 71
58 71 60
58 73 97
58 74 49
58 75 54
58 76 53
58 77 60
58 78 4
58 80 66
58 82 82
58 84 4
58 85 33
58 86 65
58 87 87
58 88 97
58 89 23
58 91 31
58 92 75
58 93 54
58 94 57
58 95 43
58 97 98
58 98 68
58 99 83
59 60 9
59 62 23
59 63 33
59 64 27
59 65 27
59 66 17
59 67 43
59 68 10
59 69 49
59 72 46
59 73 21
59 74 81
59 75 92
59 76 46
59 78 86
59 79 45
59 80 92
59 82 19
59 83 7
59 84 58
59 85 33
59 86 91
59 88 39
59 91 9
59 92 61
59 93 65
59 94 30
59 96 74
59 97 40
60 61 43
60 62 37
60 63 84
60 64 84
60 65 50
60 66 69
60 67 67
60 68 13
60 69 51
60 70 22
60 72 86
60 74 4
60 75 77
60 76 83
60 77 64
60 79 72
60 81 95
60 82 35
60 83 80
60 84 76
60 85 70
60 88 94
60 90 88
60 91 29
60 93 82
60 94 53
60 96 9
60 97 62
60 98 2
60 99 51
61 62 99
61 63 42
61 64 18
61 65 89
61 68 34
61 69 4
61 70 12
61 71 83
61 72 60
61 73 38
61 74 11
61 77 50
61 78 87
61 79 54
61 80 50
61 81 68
61 83 86
61 84 68
61 85 38
61 87 90
61 88 5
61 89 26
61 90 17
61 91 72
61 92 55
61 93 28
61 94 5
61 98 4
61 99 13
62 63 21
62 64 5
62 65 14
62 68 70
62 69 58
62 70 53
62 71 79
62 72 26
62 73 11
62 74 80
62 76 32
62 77 18
62 78 91
62 80 20
62 81 87
62 82 15
62 83 9
62 84 64
62 85 86
62 86 77
62 87 26
62 88 36
62 90 40
62 92 72
62 93 69
62 94 41
62 95 25
62 96 86
62 97 28
62 98 71
62 99 11
63 64 77
63 66 36
63 67 66
63 68 17
63 69 6
63 71 15
63 72 12
63 73 66
63 75 2
63 76 97
63 77 69
63 79 81
63 80 32
63 81 23
63 82 88
63 83 88
63 84 73
63 86 88
63 89 96
63 90 32
63 91 46
63 93 15
63 94 68
63 95 7
63 96 98
63 97 42
63 98 84
63 99 84
64 65 100
64 66 34
64 67 90
64 70 73
64 71 94
64 72 5
64 73 68
64 75 66
64 77 55
64 78 2
64 80 77
64 81 74
64 82 83
64 84 78
64 85 71
64 86 60
64 87 53
64 90 6
64 93 7
64 97 30
64 98 7
64 99 52
65 66 80
65 67 50
65 68 59
65 69 44
65 70 69
65 71 29
65 72 41
65 73 5
65 75 73
65 76 86
65 78 94
65 79 41
65 80 15
65 81 41
65 82 16
65 84 34
65 86 18
65 87 2
65 89 34
65 91 61
65 92 80
65 93 24
65 95 98
65 99 44
66 67 39
66 68 33
66 69 91
66 70 4
66 72 64
66 73 90
66 75 59
66 76 88
66 77 65
66 78 64
66 80 19
66 81 47
66 82 6
66 83 53
66 84 69
66 85 55
66 87 46
66 88 60
66 90 49
66 91 49
66 92 80
66 93 95
66 94 6
66 95 57
66 96 35
66 98 42
67 68 47
67 70 78
67 72 55
67 73 38
67 74 62
67 75 31
67 76 88
67 77 72
67 78 38
67 79 49
67 81 52
67 82 36
67 83 88
67 84 78
67 86 96
67 87 54
67 88 33
67 89 86
67 90 25
67 91 55
67 92 37
67 93 58
67 94 93
67 99 58
68 69 12
68 70 45
68 71 9
68 72 24
68 73 92
68 75 18
68 76 72
68 77 83
68 78 28
68 79 49
68 80 7
68 81 27
68 82 18
68 83 22
68 84 97
68 85 6
68 86 39
68 87 27
68 90 23
68 91 82
68 92 33
68 93 10
68 95 86
68 96 81
68 97 51
68 98 66
68 99 76
69 70 93
69 71 16
69 72 63
69 73 64
69 74 70
69 75 14
69 76 4
69 78 41
69 79 44
69 80 24
69 81 1
69 83 17
69 84 2
69 85 9
69 86 49
69 87 99
69 88 97
69 89 82
69 90 82
69 91 66
69 92 74
69 93 83
69 95 20
69 96 76
69 97 35
69 98 62
70 74 6
70 76 19
70 78 98
70 80 18
70 82 7
70 83 38
70 84 36
70 85 84
70 86 73
70 88 33
70 90 66
70 91 3
70 95 18
70 96 67
70 98 9
70 99 68
71 73 27
71 75 63
71 76 19
71 77 29
71 79 95
71 80 99
71 81 82
71 83 30
71 84 69
71 86 85
71 87 59
71 89 3
71 90 86
71 91 59
71 92 24
71 93 55
71 95 1
71 97 87
72 73 89
72 74 51
72 75 100
72 77 21
72 78 23
72 80 95
72 81 13
72 85 13
72 86 42
72 87 77
72 88 36
72 89 2
72 90 18
72 93 43
72 95 20
72 96 92
72 98 45
72 99 95
73 74 8
73 75 7
73 76 3
73 77 42
73 78 60
73 79 80
73 80 96
73 81 52
73 82 73
73 83 92
73 84 73
73 85 41
73 87 6
73 88 93
73 89 40
73 91 9
73 92 99
73 93 83
73 94 9
73 95 58
73 96 46
73 97 69
73 98 45
73 99 3
74 76 22
74 77 87
74 78 21
74 79 88
74 82 98
74 83 90
74 84 93
74 87 96
74 88 81
74 89 65
74 91 84
74 93 32
74 94 67
74 96 55
74 97 100
74 98 13
74 99 15
75 76 36
75 77 74
75 79 92
75 81 87
75 85 87
75 86 83
75 87 88
75 89 15
75 90 61
75 92 45
75 93 73
75 94 45
75 95 10
75 96 51
75 97 95
75 99 60
76 77 22
76 78 87
76 79 62
76 80 38
76 83 95
76 84 44
76 85 13
76 86 18
76 88 55
76 89 3
76 91 46
76 92 91
76 94 14
76 95 53
76 96 71
76 97 35
76 99 75
77 78 30
77 79 32
77 80 26
77 81 79
77 82 59
77 83 77
77 84 76
77 86 44
77 88 7
77 91 42
77 92 52
77 93 56
77 95 43
77 98 81
77 99 73
78 80 35
78 83 74
78 84 82
78 85 100
78 86 57
78 87 11
78 88 88
78 89 58
78 90 1
78 93 37
78 94 81
78 95 51
78 97 26
78 98 87
78 99 33
79 82 3
79 83 61
79 84 68
79 85 33
79 86 96
79 87 6
79 88 81
79 89 64
79 90 48
79 91 80
79 92 48
79 93 95
79 95 38
79 96 16
79 97 38
80 81 7
80 83 41
80 84 86
80 85 8
80 87 93
80 88 56
80 89 77
80 90 32
80 91 1
80 92 50
80 93 80
80 94 93
80 95 63
80 97 81
80 98 30
81 82 77
81 83 50
81 84 89
81 85 72
81 89 5
81 90 66
81 92 46
81 93 65
81 94 13
81 97 14
81 98 46
81 99 18
82 83 63
82 84 72
82 85 51
82 88 92
82 89 15
82 90 48
82 92 4
82 94 80
82 95 41
82 97 66
83 85 71
83 87 13
83 91 68
83 93 49
83 94 93
83 95 50
83 97 77
83 98 69
84 85 97
84 86 37
84 87 3
84 91 91
84 92 92
84 93 43
84 94 77
84 95 5
84 96 4
84 98 22
85 86 95
85 87 56
85 88 31
85 91 38
85 95 74
85 97 93
85 98 12
86 87 82
86 89 18
86 90 88
86 92 38
86 93 17
86 94 83
86 95 18
86 96 32
86 97 84
86 98 80
86 99 65
87 88 34
87 89 7
87 90 28
87 91 96
87 92 34
87 93 8
87 94 11
87 95 1
87 96 63
87 97 30
87 99 15
88 89 8
88 90 28
88 92 99
88 93 87
88 94 38
88 95 25
88 96 71
88 97 46
88 98 57
88 99 87
89 92 8
89 93 84
89 94 72
89 95 29
89 96 41
89 97 35
89 99 64
90 91 99
90 92 92
90 93 77
90 94 23
90 95 39
90 98 70
90 99 30
91 92 5
91 93 91
91 94 16
91 96 81
91 97 34
91 99 37
92 93 29
92 95 30
92 96 25
92 97 33
92 98 32
92 99 71
93 94 52
93 95 49
93 96 21
93 97 87
93 99 92
94 95 20
94 96 20
94 98 97
94 99 32
95 97 29
95 98 99
95 99 28
96 97 47
96 98 100
96 99 65
