20
0 1 29
0 4 14
0 5 16
0 8 9
0 9 12
1 2 16
1 4 5
1 7 6
1 12 20
1 13 17
1 14 14
1 19 15
2 6 6
2 7 7
2 13 11
2 15 10
3 8 12
3 10 15
3 11 15
3 12 9
3 13 20
4 8 17
4 9 19
4 11 17
4 17 15
5 7 17
5 9 16
5 10 19
5 13 15
6 9 14
6 11 6
6 13 18
6 16 6
6 17 18
7 9 12
7 10 19
7 17 15
7 19 21
8 11 15
8 12 15
8 14 19
8 16 15
9 11 19
9 15 18
9 16 14
10 16 10
10 17 19
10 19 7
11 14 15
11 15 10
11 16 12
11 17 20
12 13 5
12 16 13
12 17 17
13 14 17
13 18 8
14 15 7
14 18 18
14 19 19
15 18 17
16 17 17
17 19 11
