40
0 5 16
0 27 20
0 28 20
0 35 15
1 22 5
1 26 19
1 39 13
2 16 7
2 21 16
2 32 11
3 10 15
3 24 14
3 25 18
5 10 15
5 16 7
6 13 7
6 21 19
7 29 20
7 32 12
7 36 15
8 28 10
8 29 20
8 32 19
8 35 15
9 21 17
9 32 7
10 16 20
10 19 5
11 20 18
11 37 7
11 38 17
12 18 17
12 32 14
12 38 15
13 35 9
16 28 9
16 30 14
17 23 6
17 38 11
18 22 15
19 27 20
19 28 8
19 30 20
19 34 8
20 36 16
21 33 13
22 37 20
23 29 10
23 30 6
23 31 7
24 33 18
25 35 11
26 37 12
26 39 8
28 37 9
31 35 8
31 38 20
