20 20 
1 0 
15 9 
1 1 1 1 1 1 1 1 1 1 1 1 1 1 1 1 1 1 1 1 
0 0 0 0 0 0 0 0 0 0 0 0 0 0 0 0 0 0 0 1 
1 0 1 0 1 1 1 1 1 1 1 0 1 1 1 0 1 0 0 1 
1 0 1 0 0 0 0 0 0 0 1 0 0 0 1 0 1 0 0 1 
1 0 1 0 1 1 1 1 1 1 1 1 1 0 1 1 1 1 1 1 
1 0 1 0 0 0 0 0 0 0 0 0 1 0 0 0 0 0 0 1 
1 0 1 0 1 0 1 1 1 0 1 0 1 0 1 0 1 0 0 1 
1 0 1 0 1 0 0 0 1 0 1 0 1 0 1 0 1 0 0 1 
1 0 1 0 1 1 1 1 1 1 1 0 1 1 1 1 1 0 0 1 
1 0 1 0 0 0 0 0 0 0 1 0 0 0 0 0 1 0 0 1 
1 0 1 0 1 1 1 0 1 0 1 0 1 1 1 0 1 1 1 1 
1 0 1 0 0 0 1 0 1 0 1 0 0 0 1 0 0 0 0 1 
1 0 1 1 1 0 1 0 1 1 1 0 1 1 1 0 1 0 0 1 
1 0 0 0 1 0 1 0 0 0 1 0 0 0 1 0 1 0 0 1 
1 0 1 0 1 0 1 0 1 0 1 0 1 0 1 1 1 0 0 1 
1 0 1 0 1 0 1 0 1 0 1 0 1 0 0 0 1 0 0 1 
1 0 1 1 1 0 1 1 1 1 1 1 1 0 1 1 1 1 1 1 
1 0 0 0 1 0 0 0 0 0 0 0 1 0 0 0 0 0 0 1 
1 0 0 0 1 0 0 0 0 0 0 0 1 0 0 0 0 0 0 1 
1 1 1 1 1 1 1 1 1 1 1 1 1 1 1 1 1 1 1 1 


ANS: 23

